0,[[0.]],0
1,[[0.03862137]],0
2,[[0.15448548]],0
3,[[0.34759233]],0
4,[[0.61794193]],0
5,[[0.96553426]],0
6,[[1.39036933]],0
7,[[1.89244715]],0
8,[[2.4717677]],0
0,[[-0.25764156]],1
1,[[-0.22220732]],1
2,[[-0.1159046]],1
3,[[0.06126659]],1
4,[[0.30930627]],1
5,[[0.62821443]],1
6,[[1.01799106]],1
7,[[1.47863618]],1
8,[[2.01014977]],1
0,[[-0.45773702]],2
1,[[-0.4264087]],2
2,[[-0.33242374]],2
3,[[-0.17578215]],2
4,[[0.04351608]],2
5,[[0.32547095]],2
6,[[0.67008245]],2
7,[[1.07735059]],2
8,[[1.54727537]],2
0,[[-0.60028637]],3
1,[[-0.57256477]],3
2,[[-0.48939998]],3
3,[[-0.35079199]],3
4,[[-0.15674081]],3
5,[[0.09275357]],3
6,[[0.39769114]],3
7,[[0.75807191]],3
8,[[1.17389588]],3
0,[[-0.68528961]],4
1,[[-0.66130523]],4
2,[[-0.58935208]],4
3,[[-0.46943016]],4
4,[[-0.30153947]],4
5,[[-0.08568001]],4
6,[[0.17814821]],4
7,[[0.4899452]],4
8,[[0.84971096]],4
0,[[-0.71274675]],5
1,[[-0.6892103]],5
2,[[-0.61860096]],5
3,[[-0.50091872]],5
4,[[-0.33616359]],5
5,[[-0.12433557]],5
6,[[0.13456535]],5
7,[[0.44053917]],5
8,[[0.79358588]],5
0,[[-0.68265778]],6
1,[[-0.65914648]],6
2,[[-0.58861258]],6
3,[[-0.47105608]],6
4,[[-0.30647698]],6
5,[[-0.09487528]],6
6,[[0.16374902]],6
7,[[0.46939593]],6
8,[[0.82206543]],6
0,[[-0.59502271]],7
1,[[-0.57097454]],7
2,[[-0.49883004]],7
3,[[-0.37858921]],7
4,[[-0.21025205]],7
5,[[0.00618145]],7
6,[[0.27071127]],7
7,[[0.58333743]],7
8,[[0.94405992]],7
0,[[-0.44984153]],8
1,[[-0.42477801]],8
2,[[-0.34958746]],8
3,[[-0.22426987]],8
4,[[-0.04882524]],8
5,[[0.17674642]],8
6,[[0.45244511]],8
7,[[0.77827084]],8
8,[[1.15422361]],8
0,[[-0.24711424]],9
1,[[-0.22340783]],9
2,[[-0.1522886]],9
3,[[-0.03375654]],9
4,[[0.13218834]],9
5,[[0.34554604]],9
6,[[0.60631657]],9
7,[[0.91449992]],9
8,[[1.27009609]],9
